          40
   7.0017569605284616E-002  0.60706180765010387        0.0000000000000000       0.79465461786400537     
   1.5169541415867959E-005  0.18759241532168749       0.57735022025815474       0.79465452171471074     
   3.5370660461426749E-003 -0.49112345225561271       0.35682204795937500       0.79465450400448034     
   3.5370660461427586E-003 -0.49112345225561271      -0.35682204795937500       0.79465450400448034     
   1.5169541415866165E-005  0.18759241532168749      -0.57735022025815474       0.79465452171471074     
  0.34057310030879367       0.98224696726595540        0.0000000000000000       0.18759236470825005     
   9.4100353626643478E-014  0.30353105994767221       0.93417234604054966       0.18759243998663166     
   7.3476204455480795E-010 -0.79465451229160367       0.57735022886415510       0.18759242875207197     
   7.3476204455480795E-010 -0.79465451229160367      -0.57735022886415510       0.18759242875207197     
   9.4100353626643490E-014  0.30353105994767221      -0.93417234604054966       0.18759243998663166     
   8.3454541367054425E-003  0.30036301085684325        0.0000000000000000       0.95382496387388183     
   1.4579462028584773E-003   9.2817161535506010E-002  0.28566244968269383       0.95382489974091900     
   5.9832024319822512E-003 -0.24299900910038510       0.17654909738809363       0.95382487794546456     
   5.9832024319822512E-003 -0.24299900910038510      -0.17654909738809363       0.95382487794546456     
   1.4579462028584773E-003   9.2817161535506010E-002 -0.28566244968269383       0.95382489974091900     
   2.3356007223672710E-002  0.89168403212848169      -0.29474797215088022       0.34354507675127127     
   4.4453206706175897E-011  0.55586768756579963       0.75695960347203994       0.34354515370137678     
   3.5671561723180794E-010 -0.54813876352016833       0.76257498300934001       0.34354518074757778     
   2.6704658724379556E-002 -0.89463607563358682      -0.28566244369706678       0.34354513595153008     
   2.6789544749086398E-013  -4.7763615528973007E-003 -0.93912401589858174       0.34354514860908225     
   2.1188923949088796E-002  0.70604918141588879      -0.29474803123439264       0.64390849622085511     
   1.0308645238884965E-005  0.49850332519441781       0.58041046540704733       0.64390847673880103     
   1.3191058482328291E-007 -0.39795719146133091       0.65346152380509503       0.64390846451225736     
   7.4571531457259463E-002 -0.74445430249498146      -0.17654911344835089       0.64390853545927773     
   3.7162224407663508E-008  -6.2140692507124395E-002 -0.76257486562255294       0.64390846294755311     
   2.1188923949088799E-002  0.70604918141588879       0.29474803123439264       0.64390849622085511     
   3.7162224407663515E-008  -6.2140692507124395E-002  0.76257486562255294       0.64390846294755311     
   7.4571531457259477E-002 -0.74445430249498146       0.17654911344835089       0.64390853545927773     
   1.3191058482328291E-007 -0.39795719146133091      -0.65346152380509503       0.64390846451225736     
   1.0308645238884965E-005  0.49850332519441781      -0.58041046540704733       0.64390847673880103     
   2.3356007223672710E-002  0.89168403212848169       0.29474797215088022       0.34354507675127127     
   2.6789544749086408E-013  -4.7763615528973007E-003  0.93912401589858174       0.34354514860908225     
   2.6704658724379556E-002 -0.89463607563358682       0.28566244369706678       0.34354513595153008     
   3.5671561723180783E-010 -0.54813876352016833      -0.76257498300934001       0.34354518074757778     
   4.4453206706175884E-011  0.55586768756579963      -0.75695960347203994       0.34354515370137678     
   4.2309289855691522E-011  0.79886667770090369       0.58041047339158836       0.15791046082027815     
   1.4757043471606347E-014 -0.30513972389543981       0.93912407635869610       0.15791047496743477     
  0.28845377864474825      -0.98745343926124396        0.0000000000000000       0.15791043439602281     
   1.4757043471606350E-014 -0.30513972389543981      -0.93912407635869610       0.15791047496743477     
   4.2309289855691522E-011  0.79886667770090369      -0.58041047339158836       0.15791046082027815     
