          40
  0.14715564419370022       0.60706180765010387        0.0000000000000000       0.79465461786400537     
   9.8271608281546425E-005  0.18759241532168749       0.57735022025815474       0.79465452171471074     
   1.3812743182034711E-002 -0.49112345225561271       0.35682204795937500       0.79465450400448034     
   1.3812743182034841E-002 -0.49112345225561271      -0.35682204795937500       0.79465450400448034     
   9.8271608281535569E-005  0.18759241532168749      -0.57735022025815474       0.79465452171471074     
  0.18724122166537693       0.98224696726595540        0.0000000000000000       0.18759236470825005     
   6.6797975121953151E-013  0.30353105994767221       0.93417234604054966       0.18759243998663166     
   1.3065266340594878E-009 -0.79465451229160367       0.57735022886415510       0.18759242875207197     
   1.3065266340594876E-009 -0.79465451229160367      -0.57735022886415510       0.18759242875207197     
   6.6797975121953151E-013  0.30353105994767221      -0.93417234604054966       0.18759243998663166     
   5.5769669008678024E-002  0.30036301085684325        0.0000000000000000       0.95382496387388183     
   1.2657543260222346E-002   9.2817161535506010E-002  0.28566244968269383       0.95382489974091900     
   3.9597276356565562E-002 -0.24299900910038510       0.17654909738809363       0.95382487794546456     
   3.9597276356565535E-002 -0.24299900910038510      -0.17654909738809363       0.95382487794546456     
   1.2657543260222346E-002   9.2817161535506010E-002 -0.28566244968269383       0.95382489974091900     
   1.9918669625056402E-002  0.89168403212848169      -0.29474797215088022       0.34354507675127127     
   1.0652176918699000E-010  0.55586768756579963       0.75695960347203994       0.34354515370137678     
   8.3369181098870483E-010 -0.54813876352016833       0.76257498300934001       0.34354518074757778     
   1.9424137243989743E-002 -0.89463607563358682      -0.28566244369706678       0.34354513595153008     
   2.2652160510881812E-012  -4.7763615528973007E-003 -0.93912401589858174       0.34354514860908225     
   2.6799633104099413E-002  0.70604918141588879      -0.29474803123439264       0.64390849622085511     
   4.8931759043496781E-005  0.49850332519441781       0.58041046540704733       0.64390847673880103     
   8.9351698505220051E-007 -0.39795719146133091       0.65346152380509503       0.64390846451225736     
  0.10286330111020947      -0.74445430249498146      -0.17654911344835089       0.64390853545927773     
   3.1880830385110868E-007  -6.2140692507124395E-002 -0.76257486562255294       0.64390846294755311     
   2.6799633104099413E-002  0.70604918141588879       0.29474803123439264       0.64390849622085511     
   3.1880830385110868E-007  -6.2140692507124395E-002  0.76257486562255294       0.64390846294755311     
  0.10286330111020947      -0.74445430249498146       0.17654911344835089       0.64390853545927773     
   8.9351698505220041E-007 -0.39795719146133091      -0.65346152380509503       0.64390846451225736     
   4.8931759043496801E-005  0.49850332519441781      -0.58041046540704733       0.64390847673880103     
   1.9918669625056413E-002  0.89168403212848169       0.29474797215088022       0.34354507675127127     
   2.2652160510881812E-012  -4.7763615528973007E-003  0.93912401589858174       0.34354514860908225     
   1.9424137243989739E-002 -0.89463607563358682       0.28566244369706678       0.34354513595153008     
   8.3369181098870494E-010 -0.54813876352016833      -0.76257498300934001       0.34354518074757778     
   1.0652176918699001E-010  0.55586768756579963      -0.75695960347203994       0.34354515370137678     
   6.5406714636063569E-011  0.79886667770090369       0.58041047339158836       0.15791046082027815     
   1.0068123541087559E-013 -0.30513972389543981       0.93912407635869610       0.15791047496743477     
  0.14825931322218677      -0.98745343926124396        0.0000000000000000       0.15791043439602281     
   1.0068123541087558E-013 -0.30513972389543981      -0.93912407635869610       0.15791047496743477     
   6.5406714636063582E-011  0.79886667770090369      -0.58041047339158836       0.15791046082027815     
