          40
  0.16630040658903669       0.60706180765010387        0.0000000000000000       0.79465461786400537     
   2.6093122806470812E-004  0.18759241532168749       0.57735022025815474       0.79465452171471074     
   2.3559937948708493E-002 -0.49112345225561271       0.35682204795937500       0.79465450400448034     
   2.3559937948708445E-002 -0.49112345225561271      -0.35682204795937500       0.79465450400448034     
   2.6093122806468107E-004  0.18759241532168749      -0.57735022025815474       0.79465452171471074     
   5.8877016167521709E-002  0.98224696726595540        0.0000000000000000       0.18759236470825005     
   1.8918026712371110E-012  0.30353105994767221       0.93417234604054966       0.18759243998663166     
   1.1199552575535566E-009 -0.79465451229160367       0.57735022886415510       0.18759242875207197     
   1.1199552575535566E-009 -0.79465451229160367      -0.57735022886415510       0.18759242875207197     
   1.8918026712371110E-012  0.30353105994767221      -0.93417234604054966       0.18759243998663166     
  0.15297020427399699       0.30036301085684325        0.0000000000000000       0.95382496387388183     
   4.2714383230104735E-002   9.2817161535506010E-002  0.28566244968269383       0.95382489974091900     
  0.10950102117846791      -0.24299900910038510       0.17654909738809363       0.95382487794546456     
  0.10950102117846792      -0.24299900910038510      -0.17654909738809363       0.95382487794546456     
   4.2714383230104735E-002   9.2817161535506010E-002 -0.28566244968269383       0.95382489974091900     
   8.9326941125585247E-003  0.89168403212848169      -0.29474797215088022       0.34354507675127127     
   1.2511528549010391E-010  0.55586768756579963       0.75695960347203994       0.34354515370137678     
   9.0317779249866081E-010 -0.54813876352016833       0.76257498300934001       0.34354518074757778     
   7.5650487217562394E-003 -0.89463607563358682      -0.28566244369706678       0.34354513595153008     
   7.4563696274057658E-012  -4.7763615528973007E-003 -0.93912401589858174       0.34354514860908225     
   1.7890285477126802E-002  0.70604918141588879      -0.29474803123439264       0.64390849622085511     
   9.7913590455684789E-005  0.49850332519441781       0.58041046540704733       0.64390847673880103     
   2.5043484814495021E-006 -0.39795719146133091       0.65346152380509503       0.64390846451225736     
   7.9868795140083840E-002 -0.74445430249498146      -0.17654911344835089       0.64390853545927773     
   1.0599055342851909E-006  -6.2140692507124395E-002 -0.76257486562255294       0.64390846294755311     
   1.7890285477126795E-002  0.70604918141588879       0.29474803123439264       0.64390849622085511     
   1.0599055342851907E-006  -6.2140692507124395E-002  0.76257486562255294       0.64390846294755311     
   7.9868795140083840E-002 -0.74445430249498146       0.17654911344835089       0.64390853545927773     
   2.5043484814495021E-006 -0.39795719146133091      -0.65346152380509503       0.64390846451225736     
   9.7913590455684776E-005  0.49850332519441781      -0.58041046540704733       0.64390847673880103     
   8.9326941125585230E-003  0.89168403212848169       0.29474797215088022       0.34354507675127127     
   7.4563696274057674E-012  -4.7763615528973007E-003  0.93912401589858174       0.34354514860908225     
   7.5650487217562394E-003 -0.89463607563358682       0.28566244369706678       0.34354513595153008     
   9.0317779249866081E-010 -0.54813876352016833      -0.76257498300934001       0.34354518074757778     
   1.2511528549010391E-010  0.55586768756579963      -0.75695960347203994       0.34354515370137678     
   4.9614919273888890E-011  0.79886667770090369       0.58041047339158836       0.15791046082027815     
   2.7731159456645495E-013 -0.30513972389543981       0.93912407635869610       0.15791047496743477     
   4.3274614225633730E-002 -0.98745343926124396        0.0000000000000000       0.15791043439602281     
   2.7731159456645495E-013 -0.30513972389543981      -0.93912407635869610       0.15791047496743477     
   4.9614919273888878E-011  0.79886667770090369      -0.58041047339158836       0.15791046082027815     
