          40
   1.4781052249000023E-002  0.60706180765010387        0.0000000000000000       0.79465461786400537     
   5.3317932891595941E-005  0.18759241532168749       0.57735022025815474       0.79465452171471074     
   1.1083049346154604E-003 -0.49112345225561271       0.35682204795937500       0.79465450400448034     
   1.1083049346154938E-003 -0.49112345225561271      -0.35682204795937500       0.79465450400448034     
   5.3317932891592634E-005  0.18759241532168749      -0.57735022025815474       0.79465452171471074     
  0.38449289091490330       0.98224696726595540        0.0000000000000000       0.18759236470825005     
   6.1058705901898062E-007  0.30353105994767221       0.93417234604054966       0.18759243998663166     
   1.6986210684814316E-004 -0.79465451229160367       0.57735022886415510       0.18759242875207197     
   1.6986210684814313E-004 -0.79465451229160367      -0.57735022886415510       0.18759242875207197     
   6.1058705901898062E-007  0.30353105994767221      -0.93417234604054966       0.18759243998663166     
   5.4767655843166222E-004  0.30036301085684325        0.0000000000000000       0.95382496387388183     
   1.6184559798922382E-004   9.2817161535506010E-002  0.28566244968269383       0.95382489974091900     
   4.1614415568183073E-004 -0.24299900910038510       0.17654909738809363       0.95382487794546456     
   4.1614415568183062E-004 -0.24299900910038510      -0.17654909738809363       0.95382487794546456     
   1.6184559798922382E-004   9.2817161535506010E-002 -0.28566244968269383       0.95382489974091900     
   3.7507279742532408E-002  0.89168403212848169      -0.29474797215088022       0.34354507675127127     
   1.5413878867790311E-005  0.55586768756579963       0.75695960347203994       0.34354515370137678     
   1.8118859343373433E-005 -0.54813876352016833       0.76257498300934001       0.34354518074757778     
   4.7496234395420625E-002 -0.89463607563358682      -0.28566244369706678       0.34354513595153008     
   3.7011366229291608E-007  -4.7763615528973007E-003 -0.93912401589858174       0.34354514860908225     
   1.4534308120716948E-002  0.70604918141588879      -0.29474803123439264       0.64390849622085511     
   1.3940708876692101E-004  0.49850332519441781       0.58041046540704733       0.64390847673880103     
   3.9839781781014541E-005 -0.39795719146133091       0.65346152380509503       0.64390846451225736     
   3.3069432553734027E-002 -0.74445430249498146      -0.17654911344835089       0.64390853545927773     
   4.6886657009324979E-006  -6.2140692507124395E-002 -0.76257486562255294       0.64390846294755311     
   1.4534308120716951E-002  0.70604918141588879       0.29474803123439264       0.64390849622085511     
   4.6886657009324996E-006  -6.2140692507124395E-002  0.76257486562255294       0.64390846294755311     
   3.3069432553734027E-002 -0.74445430249498146       0.17654911344835089       0.64390853545927773     
   3.9839781781014541E-005 -0.39795719146133091      -0.65346152380509503       0.64390846451225736     
   1.3940708876692095E-004  0.49850332519441781      -0.58041046540704733       0.64390847673880103     
   3.7507279742532408E-002  0.89168403212848169       0.29474797215088022       0.34354507675127127     
   3.7011366229291603E-007  -4.7763615528973007E-003  0.93912401589858174       0.34354514860908225     
   4.7496234395420632E-002 -0.89463607563358682       0.28566244369706678       0.34354513595153008     
   1.8118859343373436E-005 -0.54813876352016833      -0.76257498300934001       0.34354518074757778     
   1.5413878867790314E-005  0.55586768756579963      -0.75695960347203994       0.34354515370137678     
   1.0838548811358526E-004  0.79886667770090369       0.58041047339158836       0.15791046082027815     
   4.3873395135240694E-007 -0.30513972389543981       0.93912407635869610       0.15791047496743477     
  0.34006199739086401      -0.98745343926124396        0.0000000000000000       0.15791043439602281     
   4.3873395135240673E-007 -0.30513972389543981      -0.93912407635869610       0.15791047496743477     
   1.0838548811358526E-004  0.79886667770090369      -0.58041047339158836       0.15791046082027815     
