          40
  0.11662530985726323       0.60706180765010387        0.0000000000000000       0.79465461786400537     
   5.1297281285965542E-005  0.18759241532168749       0.57735022025815474       0.79465452171471074     
   8.7725320679615162E-003 -0.49112345225561271       0.35682204795937500       0.79465450400448034     
   8.7725320679616359E-003 -0.49112345225561271      -0.35682204795937500       0.79465450400448034     
   5.1297281285959694E-005  0.18759241532168749      -0.57735022025815474       0.79465452171471074     
  0.25341244578897387       0.98224696726595540        0.0000000000000000       0.18759236470825005     
   3.3723697192971095E-013  0.30353105994767221       0.93417234604054966       0.18759243998663166     
   1.1253404659614652E-009 -0.79465451229160367       0.57735022886415510       0.18759242875207197     
   1.1253404659614652E-009 -0.79465451229160367      -0.57735022886415510       0.18759242875207197     
   3.3723697192971105E-013  0.30353105994767221      -0.93417234604054966       0.18759243998663166     
   2.8737257119358890E-002  0.30036301085684325        0.0000000000000000       0.95382496387388183     
   5.9112997884769323E-003   9.2817161535506010E-002  0.28566244968269383       0.95382489974091900     
   2.0426348509510410E-002 -0.24299900910038510       0.17654909738809363       0.95382487794546456     
   2.0426348509510403E-002 -0.24299900910038510      -0.17654909738809363       0.95382487794546456     
   5.9112997884769305E-003   9.2817161535506010E-002 -0.28566244968269383       0.95382489974091900     
   2.2830946478217637E-002  0.89168403212848169      -0.29474797215088022       0.34354507675127127     
   8.1238624653808095E-011  0.55586768756579963       0.75695960347203994       0.34354515370137678     
   6.4660744749762905E-010 -0.54813876352016833       0.76257498300934001       0.34354518074757778     
   2.3687823304378474E-002 -0.89463607563358682      -0.28566244369706678       0.34354513595153008     
   1.0691151928934220E-012  -4.7763615528973007E-003 -0.93912401589858174       0.34354514860908225     
   2.6206459138260422E-002  0.70604918141588879      -0.29474803123439264       0.64390849622085511     
   2.8854435040650756E-005  0.49850332519441781       0.58041046540704733       0.64390847673880103     
   4.5694373857950725E-007 -0.39795719146133091       0.65346152380509503       0.64390846451225736     
   9.6164622899062871E-002 -0.74445430249498146      -0.17654911344835089       0.64390853545927773     
   1.4968635655726041E-007  -6.2140692507124395E-002 -0.76257486562255294       0.64390846294755311     
   2.6206459138260418E-002  0.70604918141588879       0.29474803123439264       0.64390849622085511     
   1.4968635655726041E-007  -6.2140692507124395E-002  0.76257486562255294       0.64390846294755311     
   9.6164622899062871E-002 -0.74445430249498146       0.17654911344835089       0.64390853545927773     
   4.5694373857950719E-007 -0.39795719146133091      -0.65346152380509503       0.64390846451225736     
   2.8854435040650749E-005  0.49850332519441781      -0.58041046540704733       0.64390847673880103     
   2.2830946478217626E-002  0.89168403212848169       0.29474797215088022       0.34354507675127127     
   1.0691151928934224E-012  -4.7763615528973007E-003  0.93912401589858174       0.34354514860908225     
   2.3687823304378477E-002 -0.89463607563358682       0.28566244369706678       0.34354513595153008     
   6.4660744749762905E-010 -0.54813876352016833      -0.76257498300934001       0.34354518074757778     
   8.1238624653808095E-011  0.55586768756579963      -0.75695960347203994       0.34354515370137678     
   5.9476193751497080E-011  0.79886667770090369       0.58041047339158836       0.15791046082027815     
   5.1560498241192192E-014 -0.30513972389543981       0.93912407635869610       0.15791047496743477     
  0.20640505181338528      -0.98745343926124396        0.0000000000000000       0.15791043439602281     
   5.1560498241192192E-014 -0.30513972389543981      -0.93912407635869610       0.15791047496743477     
   5.9476193751497080E-011  0.79886667770090369      -0.58041047339158836       0.15791046082027815     
