          40
  0.17052354424837687       0.60706180765010387        0.0000000000000000       0.79465461786400537     
   2.1679560161350211E-004  0.18759241532168749       0.57735022025815474       0.79465452171471074     
   2.1958848666596219E-002 -0.49112345225561271       0.35682204795937500       0.79465450400448034     
   2.1958848666596219E-002 -0.49112345225561271      -0.35682204795937500       0.79465450400448034     
   2.1679560161347894E-004  0.18759241532168749      -0.57735022025815474       0.79465452171471074     
   8.4936901497738665E-002  0.98224696726595540        0.0000000000000000       0.18759236470825005     
   1.5480442899233506E-012  0.30353105994767221       0.93417234604054966       0.18759243998663166     
   1.2482648769809130E-009 -0.79465451229160367       0.57735022886415510       0.18759242875207197     
   1.2482648769809128E-009 -0.79465451229160367      -0.57735022886415510       0.18759242875207197     
   1.5480442899233506E-012  0.30353105994767221      -0.93417234604054966       0.18759243998663166     
  0.12598166360684368       0.30036301085684325        0.0000000000000000       0.95382496387388183     
   3.3400435843210709E-002   9.2817161535506010E-002  0.28566244968269383       0.95382489974091900     
   8.9875995898390390E-002 -0.24299900910038510       0.17654909738809363       0.95382487794546456     
   8.9875995898390390E-002 -0.24299900910038510      -0.17654909738809363       0.95382487794546456     
   3.3400435843210709E-002   9.2817161535506010E-002 -0.28566244968269383       0.95382489974091900     
   1.1783809969586239E-002  0.89168403212848169      -0.29474797215088022       0.34354507675127127     
   1.2768385267740286E-010  0.55586768756579963       0.75695960347203994       0.34354515370137678     
   9.4738370855991709E-010 -0.54813876352016833       0.76257498300934001       0.34354518074757778     
   1.0353297490830114E-002 -0.89463607563358682      -0.28566244369706678       0.34354513595153008     
   5.8689803952121600E-012  -4.7763615528973007E-003 -0.93912401589858174       0.34354514860908225     
   2.1152352761482286E-002  0.70604918141588879      -0.29474803123439264       0.64390849622085511     
   8.7649084431614966E-005  0.49850332519441781       0.58041046540704733       0.64390847673880103     
   2.0504792251252474E-006 -0.39795719146133091       0.65346152380509503       0.64390846451225736     
   9.0263306287210882E-002 -0.74445430249498146      -0.17654911344835089       0.64390853545927773     
   8.3230729304653530E-007  -6.2140692507124395E-002 -0.76257486562255294       0.64390846294755311     
   2.1152352761482286E-002  0.70604918141588879       0.29474803123439264       0.64390849622085511     
   8.3230729304653519E-007  -6.2140692507124395E-002  0.76257486562255294       0.64390846294755311     
   9.0263306287210882E-002 -0.74445430249498146       0.17654911344835089       0.64390853545927773     
   2.0504792251252470E-006 -0.39795719146133091      -0.65346152380509503       0.64390846451225736     
   8.7649084431614993E-005  0.49850332519441781      -0.58041046540704733       0.64390847673880103     
   1.1783809969586237E-002  0.89168403212848169       0.29474797215088022       0.34354507675127127     
   5.8689803952121600E-012  -4.7763615528973007E-003  0.93912401589858174       0.34354514860908225     
   1.0353297490830114E-002 -0.89463607563358682       0.28566244369706678       0.34354513595153008     
   9.4738370855991709E-010 -0.54813876352016833      -0.76257498300934001       0.34354518074757778     
   1.2768385267740286E-010  0.55586768756579963      -0.75695960347203994       0.34354515370137678     
   5.7081295048902113E-011  0.79886667770090369       0.58041047339158836       0.15791046082027815     
   2.2844677510055455E-013 -0.30513972389543981       0.93912407635869610       0.15791047496743477     
   6.3740192962562739E-002 -0.98745343926124396        0.0000000000000000       0.15791043439602281     
   2.2844677510055455E-013 -0.30513972389543981      -0.93912407635869610       0.15791047496743477     
   5.7081295048902113E-011  0.79886667770090369      -0.58041047339158836       0.15791046082027815     
