          40
  0.16506045048228532       0.60706180765010387        0.0000000000000000       0.79465461786400537     
   1.5332336513292682E-004  0.18759241532168749       0.57735022025815474       0.79465452171471074     
   1.8296551930208831E-002 -0.49112345225561271       0.35682204795937500       0.79465450400448034     
   1.8296551930208904E-002 -0.49112345225561271      -0.35682204795937500       0.79465450400448034     
   1.5332336513291015E-004  0.18759241532168749      -0.57735022025815474       0.79465452171471074     
  0.13234172371950967       0.98224696726595540        0.0000000000000000       0.18759236470825005     
   1.0692800701252890E-012  0.30353105994767221       0.93417234604054966       0.18759243998663166     
   1.3420221574596136E-009 -0.79465451229160367       0.57735022886415510       0.18759242875207197     
   1.3420221574596134E-009 -0.79465451229160367      -0.57735022886415510       0.18759242875207197     
   1.0692800701252890E-012  0.30353105994767221      -0.93417234604054966       0.18759243998663166     
   8.8022125838532320E-002  0.30036301085684325        0.0000000000000000       0.95382496387388183     
   2.1620766263446570E-002   9.2817161535506010E-002  0.28566244968269383       0.95382489974091900     
   6.2585489902749106E-002 -0.24299900910038510       0.17654909738809363       0.95382487794546456     
   6.2585489902749106E-002 -0.24299900910038510      -0.17654909738809363       0.95382487794546456     
   2.1620766263446573E-002   9.2817161535506010E-002 -0.28566244968269383       0.95382489974091900     
   1.6106897477363196E-002  0.89168403212848169      -0.29474797215088022       0.34354507675127127     
   1.2203737706588990E-010  0.55586768756579963       0.75695960347203994       0.34354515370137678     
   9.3401783176367469E-010 -0.54813876352016833       0.76257498300934001       0.34354518074757778     
   1.4911162296525263E-002 -0.89463607563358682      -0.28566244369706678       0.34354513595153008     
   3.8344228036583211E-012  -4.7763615528973007E-003 -0.93912401589858174       0.34354514860908225     
   2.4927702453144004E-002  0.70604918141588879      -0.29474803123439264       0.64390849622085511     
   6.8849873664747445E-005  0.49850332519441781       0.58041046540704733       0.64390847673880103     
   1.4209806722807086E-006 -0.39795719146133091       0.65346152380509503       0.64390846451225736     
  0.10042072553951616      -0.74445430249498146      -0.17654911344835089       0.64390853545927773     
   5.4180535459054945E-007  -6.2140692507124395E-002 -0.76257486562255294       0.64390846294755311     
   2.4927702453144004E-002  0.70604918141588879       0.29474803123439264       0.64390849622085511     
   5.4180535459054935E-007  -6.2140692507124395E-002  0.76257486562255294       0.64390846294755311     
  0.10042072553951616      -0.74445430249498146       0.17654911344835089       0.64390853545927773     
   1.4209806722807086E-006 -0.39795719146133091      -0.65346152380509503       0.64390846451225736     
   6.8849873664747431E-005  0.49850332519441781      -0.58041046540704733       0.64390847673880103     
   1.6106897477363196E-002  0.89168403212848169       0.29474797215088022       0.34354507675127127     
   3.8344228036583219E-012  -4.7763615528973007E-003  0.93912401589858174       0.34354514860908225     
   1.4911162296525263E-002 -0.89463607563358682       0.28566244369706678       0.34354513595153008     
   9.3401783176367490E-010 -0.54813876352016833      -0.76257498300934001       0.34354518074757778     
   1.2203737706588993E-010  0.55586768756579963      -0.75695960347203994       0.34354515370137678     
   6.4211606764027531E-011  0.79886667770090369       0.58041047339158836       0.15791046082027815     
   1.5941035995209093E-013 -0.30513972389543981       0.93912407635869610       0.15791047496743477     
  0.10212244960238599      -0.98745343926124396        0.0000000000000000       0.15791043439602281     
   1.5941035995209093E-013 -0.30513972389543981      -0.93912407635869610       0.15791047496743477     
   6.4211606764027531E-011  0.79886667770090369      -0.58041047339158836       0.15791046082027815     
