          40
   7.0220328115866347E-005  0.60706180765010387        0.0000000000000000       0.79465461786400537     
   2.2392196673194135E-003  0.18759241532168749       0.57735022025815474       0.79465452171471074     
   2.5760520660068176E-004 -0.49112345225561271       0.35682204795937500       0.79465450400448034     
   2.5760520660067678E-004 -0.49112345225561271      -0.35682204795937500       0.79465450400448034     
   2.2392196673193575E-003  0.18759241532168749      -0.57735022025815474       0.79465452171471074     
   7.0220167652134636E-005  0.98224696726595540        0.0000000000000000       0.18759236470825005     
  0.16110117020343070       0.30353105994767221       0.93417234604054966       0.18759243998663166     
   2.2392233060463400E-003 -0.79465451229160367       0.57735022886415510       0.18759242875207197     
   2.2392233060463396E-003 -0.79465451229160367      -0.57735022886415510       0.18759242875207197     
  0.16110117020343068       0.30353105994767221      -0.93417234604054966       0.18759243998663166     
   5.8287210674827653E-005  0.30036301085684325        0.0000000000000000       0.95382496387388183     
   1.2934471674652759E-004   9.2817161535506010E-002  0.28566244968269383       0.95382489974091900     
   8.4524354864429284E-005 -0.24299900910038510       0.17654909738809363       0.95382487794546456     
   8.4524354864429284E-005 -0.24299900910038510      -0.17654909738809363       0.95382487794546456     
   1.2934471674652762E-004   9.2817161535506010E-002 -0.28566244968269383       0.95382489974091900     
   1.3883576875385790E-004  0.89168403212848169      -0.29474797215088022       0.34354507675127127     
   1.0947141097359525E-002  0.55586768756579963       0.75695960347203994       0.34354515370137678     
   1.2800099525267327E-002 -0.54813876352016833       0.76257498300934001       0.34354518074757778     
   1.2934487585096531E-004 -0.89463607563358682      -0.28566244369706678       0.34354513595153008     
  0.14460766638393258       -4.7763615528973007E-003 -0.93912401589858174       0.34354514860908225     
   1.3883587274268031E-004  0.70604918141588879      -0.29474803123439264       0.64390849622085511     
   1.9101377404177925E-003  0.49850332519441781       0.58041046540704733       0.64390847673880103     
   3.7390813572833578E-003 -0.39795719146133091       0.65346152380509503       0.64390846451225736     
   8.4524396735796714E-005 -0.74445430249498146      -0.17654911344835089       0.64390853545927773     
   1.2800074513982362E-002  -6.2140692507124395E-002 -0.76257486562255294       0.64390846294755311     
   1.3883587274268034E-004  0.70604918141588879       0.29474803123439264       0.64390849622085511     
   1.2800074513982362E-002  -6.2140692507124395E-002  0.76257486562255294       0.64390846294755311     
   8.4524396735796687E-005 -0.74445430249498146       0.17654911344835089       0.64390853545927773     
   3.7390813572833578E-003 -0.39795719146133091      -0.65346152380509503       0.64390846451225736     
   1.9101377404177930E-003  0.49850332519441781      -0.58041046540704733       0.64390847673880103     
   1.3883576875385790E-004  0.89168403212848169       0.29474797215088022       0.34354507675127127     
  0.14460766638393258       -4.7763615528973007E-003  0.93912401589858174       0.34354514860908225     
   1.2934487585096534E-004 -0.89463607563358682       0.28566244369706678       0.34354513595153008     
   1.2800099525267323E-002 -0.54813876352016833      -0.76257498300934001       0.34354518074757778     
   1.0947141097359527E-002  0.55586768756579963      -0.75695960347203994       0.34354515370137678     
   1.9101442844443161E-003  0.79886667770090369       0.58041047339158836       0.15791046082027815     
  0.14460775181947363      -0.30513972389543981       0.93912407635869610       0.15791047496743477     
   5.8287294201235991E-005 -0.98745343926124396        0.0000000000000000       0.15791043439602281     
  0.14460775181947366      -0.30513972389543981      -0.93912407635869610       0.15791047496743477     
   1.9101442844443154E-003  0.79886667770090369      -0.58041047339158836       0.15791046082027815     
