40
0.01478105224900000000 	0.00000387801635594298 	0.60706180765010400000 	0.00000000000000000000 	0.79465461786400500000 
0.00005331793289159590 	0.00001025370147126880 	0.18759241532168800000 	0.57735022025815500000 	0.79465452171471100000 
0.00110830493461546000 	0.00000891322912942170 	-0.49112345225561300000 	0.35682204795937500000 	0.79465450400448000000 
0.00110830493461549000 	0.00000891322912942179 	-0.49112345225561300000 	-0.35682204795937500000 	0.79465450400448000000 
0.00005331793289159260 	0.00001025370147126830 	0.18759241532168800000 	-0.57735022025815500000 	0.79465452171471100000 
0.38449289091490300000 	0.00025215607686656200 	0.98224696726595500000 	0.00000000000000000000 	0.18759236470825000000 
0.00000061058705901898 	0.22767447592121700000 	0.30353105994767200000 	0.93417234604055000000 	0.18759243998663200000 
0.00016986210684814300 	0.00801634461234310000 	-0.79465451229160400000 	0.57735022886415500000 	0.18759242875207200000 
0.00016986210684814300 	0.00801634461234310000 	-0.79465451229160400000 	-0.57735022886415500000 	0.18759242875207200000 
0.00000061058705901898 	0.22767447592121700000 	0.30353105994767200000 	-0.93417234604055000000 	0.18759243998663200000 
0.00054767655843166200 	0.00000028715805180088 	0.30036301085684300000 	0.00000000000000000000 	0.95382496387388200000 
0.00016184559798922400 	0.00000032136260566596 	0.09281716153550600000 	0.28566244968269400000 	0.95382489974091900000 
0.00041614415568183100 	0.00000030023843311863 	-0.24299900910038500000 	0.17654909738809400000 	0.95382487794546500000 
0.00041614415568183100 	0.00000030023843311863 	-0.24299900910038500000 	-0.17654909738809400000 	0.95382487794546500000 
0.00016184559798922400 	0.00000032136260566596 	0.09281716153550600000 	-0.28566244968269400000 	0.95382489974091900000 
0.03750727974253240000 	0.00025332029045939200 	0.89168403212848200000 	-0.29474797215088000000 	0.34354507675127100000 
0.00001541387886779030 	0.01218974292944780000 	0.55586768756580000000 	0.75695960347204000000 	0.34354515370137700000 
0.00001811885934337340 	0.01352022776933660000 	-0.54813876352016800000 	0.76257498300934000000 	0.34354518074757800000 
0.04749623439542060000 	0.00022502869451304300 	-0.89463607563358700000 	-0.28566244369706700000 	0.34354513595153000000 
0.00000037011366229292 	0.00063479412492942900 	-0.00477636155289730000 	-0.93912401589858200000 	0.34354514860908200000 
0.01453430812071690000 	0.00002948093621219990 	0.70604918141588900000 	-0.29474803123439300000 	0.64390849622085500000 
0.00013940708876692100 	0.00008335468220878200 	0.49850332519441800000 	0.58041046540704700000 	0.64390847673880100000 
0.00003983978178101450 	0.00009228175217022110 	-0.39795719146133100000 	0.65346152380509500000 	0.64390846451225700000 
0.03306943255373400000 	0.00001988923469489400 	-0.74445430249498200000 	-0.17654911344835100000 	0.64390853545927800000 
0.00000468866570093250 	0.00004403403697700280 	-0.06214069250712440000 	-0.76257486562255300000 	0.64390846294755300000 
0.01453430812071700000 	0.00002948093621219990 	0.70604918141588900000 	0.29474803123439300000 	0.64390849622085500000 
0.00000468866570093250 	0.00004403403697700280 	-0.06214069250712440000 	0.76257486562255300000 	0.64390846294755300000 
0.03306943255373400000 	0.00001988923469489400 	-0.74445430249498200000 	0.17654911344835100000 	0.64390853545927800000 
0.00003983978178101450 	0.00009228175217022110 	-0.39795719146133100000 	-0.65346152380509500000 	0.64390846451225700000 
0.00013940708876692100 	0.00008335468220878200 	0.49850332519441800000 	-0.58041046540704700000 	0.64390847673880100000 
0.03750727974253240000 	0.00025332029045939200 	0.89168403212848200000 	0.29474797215088000000 	0.34354507675127100000 
0.00000037011366229292 	0.00063479412492942800 	-0.00477636155289730000 	0.93912401589858200000 	0.34354514860908200000 
0.04749623439542060000 	0.00022502869451304300 	-0.89463607563358700000 	0.28566244369706700000 	0.34354513595153000000 
0.00001811885934337340 	0.01352022776933660000 	-0.54813876352016800000 	-0.76257498300934000000 	0.34354518074757800000 
0.00001541387886779030 	0.01218974292944780000 	0.55586768756580000000 	-0.75695960347204000000 	0.34354515370137700000 
0.00010838548811358500 	0.00724933309526055000 	0.79886667770090400000 	0.58041047339158800000 	0.15791046082027800000 
0.00000043873395135241 	0.22609724389633600000 	-0.30513972389544000000 	0.93912407635869600000 	0.15791047496743500000 
0.34006199739086400000 	0.00022457644250648500 	-0.98745343926124400000 	0.00000000000000000000 	0.15791043439602300000 
0.00000043873395135241 	0.22609724389633700000 	-0.30513972389544000000 	-0.93912407635869600000 	0.15791047496743500000 
0.00010838548811358500 	0.00724933309526055000 	0.79886667770090400000 	-0.58041047339158800000 	0.15791046082027800000 
				
				
				
				
				
				
				
				
				
				
				
				
				
				
				
				
				
				
				
				
				
				
				
				
				
				
				
				
				
				
				
				
				
				
				
				
				
				
				
				
				
				
				
				
				
				
				
				
				
				
				
				
				
				
				
				
				
				
				
				
				
				
				
				
				
				
				
				
				
				
				
				
				
				
				
				
				
				
				
				
				
				
				
				
				
				
				
				
				
				
				
				
				
				
				
				
				
				
				
				
				
				
				
				
				
				
				
				
				
				
				
				
				
				
				
				
				
				
				
				
				
				
				
				
				
				
				
				
				
				
				
				
				
				
				
				
				
				
				
				
				
				
				
				
				
				
				
				
				
				
				
				
				
				
				
				
				
				
				
				
				
				
				
				
				
				
				
				
				
				
				
				
				
				
				
				
				
				
				
				
				
				
				
				
				
				
				
				
				
				
				
				
				
				
				
				
				
				
				
				
				
				
				
				
				
				
				
				
				
				
				
				
				
				
				
				
				
				
				
				
				
				
				
				
				
				
				
				
				
				
				
				
				
				
				
				
				
				
				
				
				
				
				
				
				
				
				
				
				
				
				
				
				
				
				
				
				
				
				
				
				
				
				
				
				
				
				
				
				
				
				
				
				
				
				
				
				
				
				
				
				
				
				
				
				
				
				
				
				
				
				
				
				
				
				
				
				
				
				
				
				
				
				
				
				
				
				
				
				
				
				
				
				
				
				
				
				
				
				
				
				
				
				
				
				
				
				
				
				
				
				
				
				
				
				
				
				
				
				
				
				
				
				
				
				
				
				
				
				
				
				
				
				
				
				
				
				
				
				
				
				
				
				
				
				
				
				
				
				
				
				
				
				
				
				
				
				
				
				
				
				
				
				
				
				
				
				
				
				
				
				
				
				
				
				
				
				
				
				
				
				
				
				
				
				
				
				
				
				
				
				
				
				
				
				
				
				
				
				
				
				
				
				
				
				
				
				
				
				
				
				
				
				
				
				
				
				
				
				
				
				
				
				
				
				
				
				
				
				
				
				
				
				
				
				
				
				
				
				
				
				
				
				
				
				
				
				
				
				
				
				
				
				
				
				
				
				
				
				
				
				
				
				
				
				
				
				
				
				
				
				
				
				
				
				
				
				
				
				
				
				
				
				
				
				
				
				
				
				
				
				
				
				
				
				
				
				
				
				
				
				
				
				
				
				
				
				
				
				
				
				
				
				
				
				
				
				
				
				
				
				
				
				
				
				
				
				
				
				
				
				
				
				
				
				
				
				
				
				
				
				
				
				
				
				
				
				
				
				
				
				
				
				
				
				
				
				
				
				
				
				
				
				
				
				
				
				
				
				
				
				
				
				
				
				
				
				
				
				
				
